7 0.5167777777777778 0.09966666666666667 0.07741666666666668 0.05610416666666666
7 0.5839166666666666 0.15141666666666667 0.04155555555555556 0.037187500000000005
7 0.6915833333333333 0.2304375 0.04855555555555556 0.04683333333333333
7 0.2526388888888889 0.3205 0.05258333333333333 0.049854166666666665
7 0.4984722222222222 0.20274999999999999 0.06858333333333334 0.048749999999999995
7 0.5639166666666666 0.25222916666666667 0.03627777777777778 0.04870833333333333
7 0.5896388888888889 0.288375 0.04605555555555555 0.048125
7 0.48286111111111113 0.47633333333333333 0.05472222222222222 0.033375
7 0.5494722222222223 0.63525 0.06638888888888889 0.05695833333333333
7 0.19144444444444444 0.9061666666666667 0.04825 0.051895833333333335
7 0.44025000000000003 0.9226041666666667 0.05283333333333333 0.05875
7 0.28694444444444445 0.7661041666666667 0.05522222222222222 0.0504375
7 0.5557777777777778 0.7343333333333334 0.05127777777777778 0.06239583333333333
7 0.6399722222222222 0.7260416666666667 0.08075 0.051062500000000004
7 0.7304166666666666 0.09258333333333332 0.07758333333333334 0.052375
7 0.9420277777777778 0.051062500000000004 0.07719444444444444 0.0630625
7 0.6103611111111111 0.006520833333333333 0.04933333333333334 0.013020833333333334