7 0.3778396436525613 0.2482136894824708 0.058841870824053455 0.04181969949916527
7 0.3118708240534521 0.330567612687813 0.057126948775055676 0.029315525876460767
7 0.2687082405345212 0.32838063439065107 0.03249443207126949 0.03779632721202003
7 0.2684855233853007 0.3586811352253756 0.035456570155902006 0.03929883138564274
7 0.3239198218262806 0.3812687813021703 0.05726057906458797 0.03826377295492488
7 0.40730512249443207 0.33268781302170286 0.049265033407572385 0.04126878130217028
7 0.4436748329621381 0.29759599332220366 0.039755011135857464 0.027562604340567617
7 0.438641425389755 0.22477462437395657 0.043407572383073495 0.030901502504173624
7 0.45144766146993315 0.33223706176961604 0.03815144766146993 0.03522537562604341
7 0.47530066815144767 0.3544908180300501 0.03447661469933185 0.030918196994991654
7 0.49679287305122494 0.40454090150250416 0.06719376391982183 0.04368948247078464
7 0.4595100222717149 0.43664440734557597 0.04746102449888641 0.03854757929883139
7 0.2944097995545657 0.4625041736227045 0.042761692650334075 0.04662771285475793
7 0.333184855233853 0.4604006677796327 0.0655011135857461 0.052687813021702834
7 0.3773273942093541 0.4878797996661102 0.03728285077951002 0.04345575959933222
7 0.4126057906458797 0.4953589315525877 0.042717149220489976 0.04041736227045075
7 0.4110022271714922 0.5453255425709516 0.02581291759465479 0.05045075125208681
7 0.2369042316258352 0.6101001669449082 0.05795100222717149 0.043873121869782976
7 0.5683073496659242 0.6348080133555927 0.04574610244988864 0.04449081803005008
7 0.4891314031180401 0.6870116861435726 0.04844097995545657 0.053889816360601
7 0.5335857461024499 0.6928547579298832 0.04140311804008909 0.04757929883138564
7 0.42879732739420934 0.7415525876460768 0.03398663697104677 0.07307178631051753
7 0.5108240534521158 0.7678464106844741 0.054164810690423164 0.04602671118530885
7 0.551804008908686 0.7952086811352254 0.02645879732739421 0.02368948247078464
7 0.4349220489977728 0.5468447412353923 0.03596881959910913 0.027796327212020033