10 0.24522556390977446 0.3208375 0.28770676691729324 0.2125
10 0.5819548872180451 0.546875 0.09650375939849624 0.0895875
10 0.39402255639097744 0.675 0.22813909774436092 0.1541625
10 0.602312030075188 0.2854125 0.23118421052631577 0.0958375
10 0.8638533834586466 0.63125 0.09639097744360903 0.1125
10 0.5428007518796992 0.83125 0.13097744360902258 0.0708375
10 0.7072368421052632 0.6979125 0.15909774436090227 0.0875
10 0.8732518796992481 0.2072875 0.12144736842105264 0.10625
10 0.20609022556390977 0.43125 0.13422932330827067 0.10416249999999999
10 0.2953571428571429 0.2802125 0.16238721804511277 0.1354125
10 0.44727443609022555 0.328125 0.09030075187969924 0.2104125
10 0.3595676691729323 0.7239625 0.10911654135338346 0.06875
10 0.4613721804511278 0.6677124999999999 0.10593984962406015 0.0770875