10 0.418740234375 0.3862890625 0.12341796875 0.16493489583333334
10 0.326796875 0.8854166666666666 0.07951171875 0.12587239583333334
10 0.04609375 0.6184895833333334 0.07798828125 0.17360677083333334
10 0.914248046875 0.8452734375 0.0727734375 0.08463541666666667
10 0.461865234375 0.60546875 0.098984375 0.09114583333333333
10 0.6546875 0.4470442708333333 0.211201171875 0.14756510416666666
10 0.082705078125 0.3580729166666667 0.082861328125 0.15625
10 0.107919921875 0.5088932291666667 0.126787109375 0.17144531249999997
10 0.115244140625 0.8669661458333334 0.102373046875 0.11067708333333333
10 0.235673828125 0.9309895833333334 0.0665234375 0.052083333333333336
10 0.238115234375 0.6532161458333333 0.061640625 0.09114583333333333
10 0.873564453125 0.4134114583333333 0.167177734375 0.10634114583333333
10 0.788955078125 0.13563802083333334 0.072822265625 0.11501302083333333
10 0.916689453125 0.18446614583333332 0.119970703125 0.18662760416666668
10 0.168955078125 0.16276041666666666 0.0893359375 0.0737890625
10 0.33412109375 0.7801692708333333 0.08439453125 0.06727864583333333
10 0.413046875 0.87890625 0.059951171875 0.0824609375
10 0.827197265625 0.6217447916666666 0.05166015625 0.11501302083333333
10 0.77267578125 0.9071223958333333 0.076083984375 0.1128515625
10 0.20556640625 0.2691015625 0.029111328125 0.06076822916666667
10 0.2120703125 0.7855859375 0.097451171875 0.13020833333333334
10 0.657138671875 0.5772526041666667 0.079384765625 0.1128515625
10 0.506611328125 0.9557291666666666 0.11361328125 0.08854166666666667
10 0.67015625 0.9633203125 0.085888671875 0.07334635416666667
10 0.216142578125 0.4264322916666667 0.0828125 0.18446614583333332
10 0.967958984375 0.4915364583333333 0.04671875 0.08029947916666667
10 0.6425 0.8289973958333333 0.063115234375 0.10416666666666667
10 0.39189453125 0.6488671874999999 0.0697265625 0.06076822916666667