6 0.31630909090909093 0.3079263301500682 0.15283636363636363 0.12863574351978171
6 0.737 0.6412005457025921 0.09030909090909091 0.054570259208731244
6 0.8058 0.8643519781718964 0.12403636363636364 0.09939972714870396
6 0.5656 0.5915006821282401 0.09038181818181819 0.10718963165075034
6 0.6785636363636364 0.5301091405184174 0.07216363636363636 0.04287858117326057
6 0.6604000000000001 0.45702592087312416 0.0462 0.044829467939972716
6 0.5604181818181818 0.48723055934515686 0.048836363636363636 0.054570259208731244
6 0.30074545454545454 0.6694542974079126 0.09570909090909091 0.06042291950886767
6 0.13065454545454544 0.5856616643929059 0.07241818181818181 0.09939972714870396
6 0.34358181818181815 0.4804092769440655 0.07750909090909092 0.09159618008185538
6 0.3474909090909091 0.34106412005457026 0.04894545454545455 0.054570259208731244
6 0.5941818181818183 0.791268758526603 0.08518181818181818 0.08964529331514323
6 0.5084909090909091 0.43656207366984995 0.012509090909090909 0.031186903137789903
6 0.26438181818181816 0.4083083219645294 0.09572727272727273 0.06042291950886767