7 0.29041942604856513 0.4861153846153846 0.03294701986754967 0.09615384615384616
7 0.2407615894039735 0.8205192307692308 0.04155629139072847 0.034192307692307695
7 0.21868653421633555 0.9572692307692308 0.06363134657836644 0.047
7 0.3486644591611479 0.8621730769230769 0.05132450331125828 0.08761538461538462
7 0.4289735099337748 0.6869615384615385 0.03780353200883002 0.06623076923076923
7 0.36889624724061815 0.6068461538461538 0.028024282560706403 0.06409615384615384
7 0.3695143487858719 0.3611153846153846 0.026788079470198674 0.05555769230769231
7 0.3695143487858719 0.25321153846153843 0.03415011037527594 0.05342307692307693
7 0.7257174392935982 0.6324807692307692 0.027891832229580575 0.05555769230769231
7 0.7514569536423842 0.7190192307692307 0.04749448123620309 0.04915384615384615
7 0.7330684326710817 0.8012884615384616 0.05240618101545254 0.047
7 0.8912472406181016 0.4561923076923077 0.045000000000000005 0.07051923076923078
7 0.7747571743929359 0.3611153846153846 0.0352317880794702 0.038461538461538464
7 0.9169867549668874 0.6378269230769231 0.02045253863134658 0.05342307692307693