3 0.7130288461538462 0.09110169491525423 0.11507211538461538 0.13983050847457626
3 0.3747596153846154 0.15889830508474576 0.07793269230769231 0.1228813559322034
3 0.2719951923076923 0.2817796610169492 0.09117788461538462 0.2288135593220339
3 0.12240384615384615 0.3040254237288136 0.06120192307692308 0.13771186440677965
3 0.17225961538461537 0.17266949152542374 0.05276442307692308 0.09110169491525423
3 0.18788461538461537 0.6896186440677966 0.0719951923076923 0.163135593220339
3 0.10677884615384615 0.7023305084745762 0.08764423076923077 0.20127118644067796
3 0.49612980769230763 0.6970338983050848 0.032211538461538465 0.08050847457627118
3 0.6403365384615385 0.7139830508474576 0.08024038461538462 0.1440677966101695
3 0.5549999999999999 0.5773305084745762 0.04420673076923077 0.1419491525423729
3 0.4612740384615384 0.05614406779661017 0.0490625 0.0614406779661017
3 0.08153846153846155 0.1016949152542373 0.10447115384615385 0.07627118644067797
3 0.06651442307692308 0.23516949152542374 0.06483173076923077 0.08898305084745763
3 0.4564663461538461 0.2298728813559322 0.027427884615384614 0.07838983050847458
3 0.6901923076923077 0.2838983050847458 0.09103365384615383 0.1652542372881356
3 0.7677163461538462 0.3040254237288136 0.06817307692307692 0.1419491525423729
3 0.8229807692307692 0.7288135593220338 0.10420673076923077 0.18220338983050846
3 0.8584375000000001 0.8919491525423728 0.0765625 0.1440677966101695
3 0.8890865384615385 0.5254237288135594 0.046490384615384614 0.15254237288135594
3 0.9371634615384615 0.3495762711864407 0.046490384615384614 0.09322033898305085
3 0.9161057692307693 0.11546610169491525 0.11257211538461538 0.22245762711864406
3 0.9647596153846153 0.9555084745762712 0.07045673076923077 0.08898305084745763