9 0.24039800995024876 0.596842105263158 0.1291044776119403 0.12842105263157894
9 0.19164179104477613 0.8042105263157895 0.13507462686567162 0.10105263157894737
9 0.5238805970149254 0.5452631578947368 0.21447761194029852 0.18105263157894735
9 0.7328358208955225 0.6178947368421053 0.143681592039801 0.23368421052631577
9 0.5447761194029851 0.7410526315789474 0.14487562189054726 0.08842105263157896
9 0.5676616915422885 0.6642105263157895 0.07920398009950248 0.07368421052631578
9 0.4781592039800995 0.5905263157894737 0.09119402985074626 0.10315789473684212
9 0.5119900497512437 0.49578947368421056 0.08318407960199005 0.09894736842105263
9 0.7149253731343284 0.5747368421052632 0.06318407960199005 0.07578947368421053
9 0.7457213930348258 0.6557894736842105 0.05721393034825871 0.10736842105263157
9 0.8720895522388059 0.5810526315789474 0.11089552238805969 0.15157894736842106