9 0.1787313432835821 0.5822784810126582 0.0875 0.12658227848101267
9 0.6291791044776119 0.13449367088607594 0.051828358208955226 0.10443037974683544
9 0.875410447761194 0.25949367088607594 0.05171641791044776 0.13924050632911392
9 0.7755970149253731 0.2879746835443038 0.07600746268656716 0.13291139240506328
9 0.533134328358209 0.6439873417721519 0.21414179104477613 0.20569620253164558
9 0.7233955223880597 0.6661392405063291 0.14317164179104477 0.17405063291139242
9 0.11999999999999998 0.7705696202531646 0.05955223880597015 0.08544303797468354
9 0.2216417910447761 0.7626582278481012 0.03522388059701492 0.0759493670886076
9 0.30652985074626865 0.7531645569620253 0.044514925373134326 0.08227848101265822
9 0.23376865671641792 0.36550632911392406 0.059477611940298505 0.11708860759493671
9 0.40630597014925374 0.2958860759493671 0.08738805970149255 0.17405063291139242
9 0.5098134328358209 0.6329113924050633 0.0667910447761194 0.12658227848101267
9 0.8642164179104478 0.43037974683544306 0.06664179104477612 0.13924050632911392
9 0.8492910447761195 0.12025316455696203 0.05917910447761194 0.12025316455696203
9 0.7084701492537313 0.694620253164557 0.04619402985074627 0.0981012658227848