9 0.32574766355140183 0.37865168539325844 0.14925233644859814 0.15056179775280898
9 0.6855140186915887 0.7213483146067416 0.065 0.12584269662921346
9 0.8555607476635514 0.7685393258426967 0.07238317757009347 0.1348314606741573
9 0.7462616822429906 0.7528089887640449 0.060233644859813085 0.09438202247191012
9 0.7378037383177569 0.8573033707865169 0.08738317757009345 0.06067415730337079
9 0.6771028037383178 0.3044943820224719 0.0930373831775701 0.30337078651685395
9 0.8163084112149532 0.24943820224719102 0.09855140186915888 0.19775280898876407
9 0.6845794392523364 0.401123595505618 0.05565420560747664 0.09662921348314607
9 0.6696261682242991 0.26741573033707866 0.08925233644859813 0.12134831460674159
9 0.23607476635514021 0.8494382022471909 0.18668224299065422 0.1797752808988764
9 0.1977570093457944 0.8382022471910112 0.05775700934579439 0.10337078651685393
9 0.19682242990654206 0.16292134831460675 0.2800934579439252 0.23595505617977527
9 0.826588785046729 0.953932584269663 0.07425233644859813 0.09213483146067415