3 0.25771784232365147 0.07266556291390729 0.15869294605809128 0.06806291390728476
3 0.40406639004149375 0.15635761589403974 0.10101659751037344 0.04783112582781457
3 0.4870331950207469 0.2529470198675497 0.1332572614107884 0.07173841059602648
3 0.5469709543568464 0.4543708609271523 0.13323651452282156 0.08461920529801324
3 0.4709128630705394 0.6392549668874172 0.1424688796680498 0.1379635761589404
3 0.5700000000000001 0.5187582781456953 0.13321576763485476 0.04783112582781457
3 0.6091908713692946 0.6079801324503312 0.07788381742738588 0.06806291390728476
3 0.6414522821576764 0.7827483443708608 0.13780082987551867 0.06806291390728476
3 0.8051037344398341 0.7799834437086093 0.14697095435684648 0.08094370860927153
3 0.6276348547717842 0.87841059602649 0.160850622406639 0.0975
3 0.6057261410788382 0.954751655629139 0.14933609958506225 0.0404635761589404
3 0.7382572614107883 0.9363576158940397 0.05479253112033195 0.11405629139072848