7 0.31742899408284025 0.328740157480315 0.04684023668639053 0.031496062992125984
7 0.5762573964497042 0.3828740157480315 0.04378698224852071 0.04921259842519685
7 0.6768224852071005 0.3937007874015748 0.13249408284023667 0.031496062992125984
7 0.4697662721893491 0.5059055118110236 0.0793224852071006 0.047244094488188976
7 0.6295000000000001 0.6811023622047244 0.08518047337278108 0.047244094488188976
7 0.3100295857988166 0.3671259842519685 0.07938165680473373 0.045275590551181105
7 0.14289940828402367 0.5127952755905512 0.09423076923076923 0.06496062992125984
7 0.43574852071005915 0.7785433070866141 0.08229289940828402 0.045275590551181105
7 0.42982840236686387 0.8700787401574803 0.1059585798816568 0.051181102362204724
7 0.511180473372781 0.812007874015748 0.04972781065088758 0.025590551181102362
7 0.784792899408284 0.8375984251968503 0.1354112426035503 0.0688976377952756
7 0.882405325443787 0.8671259842519685 0.14129289940828402 0.0610236220472441