7 0.17672307692307693 0.4991004184100418 0.07573076923076923 0.07471757322175733
7 0.37283846153846156 0.4617468619246862 0.056984615384615384 0.03884937238493724
7 0.3981153846153846 0.3922594142259414 0.05257692307692307 0.049309623430962346
7 0.4695307692307692 0.39898535564853554 0.04596153846153846 0.04781380753138075
7 0.5623692307692308 0.25701882845188284 0.044823076923076924 0.0777092050209205
7 0.6513615384615384 0.38926778242677823 0.0382 0.05230125523012552
7 0.6002692307692308 0.32725941422594146 0.0569 0.04781380753138075
7 0.7002538461538462 0.2742050209205021 0.04586923076923077 0.05230125523012552
7 0.7079461538461539 0.18155857740585774 0.05685384615384615 0.046328451882845186
7 0.5195153846153846 0.5446757322175733 0.06022307692307693 0.0672489539748954
7 0.13497692307692308 0.6911192468619247 0.06476153846153845 0.08218619246861925