7 0.4135655253837072 0.5336283185840708 0.028134592680047223 0.04424778761061947
7 0.47258559622195984 0.5398230088495575 0.06825265643447462 0.0743362831858407
7 0.618370720188902 0.3743362831858407 0.03160566706021251 0.047787610619469026
7 0.6685360094451004 0.35221238938053095 0.030413223140495868 0.04247787610619469
7 0.7316883116883117 0.3327433628318584 0.02920897284533648 0.04601769911504425
7 0.7617945690672964 0.3566371681415929 0.006765053128689493 0.008849557522123894
7 0.630767414403778 0.45663716814159294 0.020979929161747343 0.04247787610619469
7 0.6219126328217237 0.5079646017699115 0.03632821723730815 0.04601769911504425
7 0.5782408500590318 0.5805309734513274 0.048146399055489966 0.04601769911504425
7 0.5180401416765053 0.7442477876106195 0.03872491145218417 0.03716814159292035
7 0.5882644628099174 0.6566371681415929 0.03988193624557261 0.08141592920353982
7 0.4932467532467532 0.23716814159292035 0.04582054309327037 0.07787610619469026
7 0.31677685950413226 0.3805309734513274 0.037615112160566705 0.04247787610619469
7 0.335655253837072 0.4407079646017699 0.037615112160566705 0.024778761061946902
7 0.7972018890200708 0.18495575221238938 0.02564344746162928 0.07256637168141593
7 0.3858205430932704 0.2628318584070796 0.06002361275088548 0.04424778761061947
7 0.1751357733175915 0.49557522123893805 0.0591263282172373 0.0920353982300885
7 0.550495867768595 0.11769911504424779 0.039893742621015346 0.0584070796460177
7 0.6083353010625738 0.14690265486725665 0.03278630460448642 0.06371681415929203
7 0.6124675324675325 0.0752212389380531 0.029244391971664698 0.047787610619469026
7 0.8526800472255018 0.08230088495575222 0.046871310507674145 0.07256637168141593