7 0.3721944444444445 0.16318749999999999 0.043583333333333335 0.0243125
7 0.5341944444444444 0.17708333333333334 0.043527777777777776 0.041666666666666664
7 0.68 0.24827083333333333 0.057361111111111106 0.03125
7 0.5700833333333333 0.33681249999999996 0.11525 0.0381875
7 0.6800277777777778 0.30816666666666664 0.024972222222222222 0.015625
7 0.6453055555555556 0.37672916666666667 0.03886111111111111 0.0381875
7 0.6904166666666667 0.43662500000000004 0.03652777777777778 0.0225625
7 0.6638055555555555 0.5121458333333334 0.057361111111111106 0.05902083333333333
7 0.7425 0.5069375 0.03883333333333334 0.045145833333333336
7 0.8119444444444445 0.41579166666666667 0.024916666666666667 0.057291666666666664
7 0.9751111111111112 0.25 0.03180555555555555 0.0381875
7 0.9276388888888889 0.28993749999999996 0.06188888888888889 0.041666666666666664
7 0.8790555555555555 0.48610416666666667 0.04338888888888889 0.027770833333333335
7 0.7691111111111111 0.7994791666666666 0.05038888888888889 0.0399375