10 0.1580625 0.34815555555555555 0.10679999999999999 0.1926
10 0.2539125 0.22468888888888888 0.15985 0.2222222222222222
10 0.7413 0.6432 0.056587500000000006 0.16542222222222222
10 0.8968250000000001 0.7876444444444445 0.0482 0.12840000000000001
10 0.8017 0.7666666666666667 0.0385125 0.11604444444444444
10 0.6059 0.7728444444444443 0.0580375 0.15802222222222223
10 0.7183875000000001 0.7728444444444443 0.077425 0.14815555555555557
10 0.43996250000000003 0.7765333333333333 0.084475 0.1456888888888889
10 0.19833749999999997 0.8283999999999999 0.11512499999999999 0.14073333333333332
10 0.32539999999999997 0.7530888888888888 0.06368750000000001 0.13826666666666668
10 0.437875 0.5308666666666666 0.0692 0.07406666666666667
10 0.12543749999999998 0.5333333333333333 0.135975 0.17284444444444444