6 0.8836713995943204 0.43283582089552236 0.12115618661257606 0.17095522388059703
6 0.17113590263691683 0.2577910447761194 0.07172413793103448 0.12483582089552239
6 0.5877687626774848 0.4952537313432836 0.11945233265720082 0.23065671641791044
6 0.3158620689655172 0.7313432835820896 0.07350912778904665 0.1004179104477612
6 0.5629006085192697 0.7598507462686568 0.08813387423935092 0.15740298507462686
6 0.7573833671399594 0.753044776119403 0.12306288032454361 0.11125373134328359
6 0.8062474645030426 0.5970149253731343 0.04008113590263692 0.08683582089552239
6 0.9168559837728194 0.7082686567164179 0.07689655172413792 0.11940298507462686
6 0.30663286004056794 0.27 0.12880324543610547 0.23065671641791044
6 0.025496957403651117 0.6295820895522388 0.03862068965517241 0.11397014925373135
6 0.39789046653144017 0.571223880597015 0.09742393509127789 0.12211940298507462
6 0.23290060851926978 0.4803283582089552 0.055111561866125765 0.08683582089552239