10 0.17835051546391753 0.4976447876447876 0.2572680412371134 0.1244015444015444
10 0.3644845360824742 0.3925482625482625 0.07969072164948454 0.05575289575289575
10 0.24567010309278348 0.6606563706563707 0.11695876288659794 0.10297297297297298
10 0.5648969072164949 0.4826254826254826 0.09680412371134021 0.0815057915057915
10 0.0738659793814433 0.21451737451737452 0.09984536082474227 0.09007722007722008
10 0.21128865979381445 0.1286872586872587 0.07690721649484536 0.05146718146718147
10 0.5262371134020619 0.14586872586872587 0.13402061855670103 0.1286872586872587
10 0.5505670103092783 0.7915057915057915 0.10824742268041238 0.1372972972972973
10 0.3816494845360825 0.7657528957528958 0.10262886597938145 0.0815057915057915
10 0.30721649484536084 0.18123552123552122 0.06829896907216494 0.04505791505791506
10 0.2227319587628866 0.49444015444015443 0.10551546391752577 0.07505791505791506