11 0.4125333333333333 0.531 0.09758888888888889 0.158
11 0.7058222222222222 0.375 0.07083333333333333 0.118
11 0.9385555555555556 0.794 0.09186666666666668 0.28
11 0.40919999999999995 0.691 0.057600000000000005 0.182
11 0.24755555555555556 0.175 0.04321111111111111 0.11
11 0.38086666666666663 0.128 0.12982222222222223 0.104
11 0.49696666666666667 0.686 0.03535555555555556 0.084
11 0.5619555555555555 0.731 0.025333333333333333 0.07
11 0.5258444444444444 0.327 0.03756666666666667 0.082
11 0.9191222222222223 0.876 0.030777777777777775 0.104
11 0.8374666666666667 0.645 0.03857777777777777 0.094