3 0.34936688311688313 0.24626373626373627 0.06475649350649351 0.07653846153846154
3 0.27459415584415586 0.11381868131868132 0.06594155844155844 0.08634615384615385
3 0.2160551948051948 0.05101648351648352 0.03698051948051948 0.05887362637362637
3 0.04795454545454545 0.06673076923076923 0.023133116883116884 0.07063186813186813
3 0.02573051948051948 0.2492032967032967 0.05146103896103896 0.07456043956043956
3 0.20676948051948052 0.13442307692307692 0.04858766233766234 0.06868131868131869
3 0.15055194805194805 0.2786538461538462 0.024253246753246752 0.07063186813186813
3 0.29777597402597406 0.3326098901098901 0.0612987012987013 0.06868131868131869
3 0.48095779220779217 0.04315934065934066 0.03340909090909091 0.05101648351648352
3 0.6994967532467532 0.11184065934065934 0.05071428571428571 0.078489010989011
3 0.721525974025974 0.23744505494505497 0.03912337662337662 0.05101648351648352
3 0.48560064935064934 0.4258241758241758 0.05196428571428571 0.08634615384615385
3 0.31170454545454546 0.4640934065934066 0.04274350649350649 0.07260989010989011
3 0.14649350649350648 0.4807692307692308 0.046282467532467536 0.05887362637362637
3 0.02534090909090909 0.5317857142857143 0.04285714285714286 0.06673076923076923
3 0.07519480519480519 0.7427472527472528 0.05905844155844156 0.0882967032967033
3 0.09837662337662338 0.6210714285714286 0.02659090909090909 0.0568956043956044
3 0.20852272727272725 0.5111813186813187 0.031185064935064937 0.060824175824175826
3 0.33545454545454545 0.6043956043956044 0.053165584415584416 0.07456043956043956
3 0.33256493506493506 0.6907417582417582 0.05201298701298701 0.05887362637362637
3 0.5082142857142857 0.5259065934065934 0.03688311688311688 0.07063186813186813
3 0.5574837662337663 0.3904945054945055 0.035698051948051944 0.05101648351648352
3 0.7371753246753248 0.6416758241758241 0.06810064935064936 0.11774725274725274
3 0.9290422077922077 0.09027472527472527 0.050633116883116884 0.08241758241758242
3 0.8994805194805195 0.22763736263736264 0.06803571428571428 0.10203296703296703
3 0.7545616883116883 0.545521978021978 0.049545454545454545 0.0942032967032967
3 0.8049999999999999 0.5347252747252746 0.039090909090909086 0.08436813186813187
3 0.8618019480519481 0.47489010989010993 0.050665584415584414 0.08634615384615385
3 0.9591883116883118 0.3061263736263736 0.020487012987012984 0.04315934065934066
3 0.9464448051948052 0.4935164835164835 0.041363636363636366 0.07653846153846154
3 0.9023863636363636 0.601456043956044 0.022824675324675324 0.0568956043956044
3 0.9505032467532467 0.5945879120879121 0.03555194805194805 0.07456043956043956
3 0.8902110389610389 0.9693956043956045 0.044853896103896104 0.05887362637362637
3 0.10128246753246753 0.9291483516483516 0.030064935064935065 0.0568956043956044