3 0.12097378277153557 0.09131205673758866 0.05934456928838951 0.044326241134751775
3 0.624625468164794 0.14627659574468085 0.09286516853932585 0.044326241134751775
3 0.8605243445692884 0.23315602836879432 0.07780898876404493 0.03723404255319149
3 0.14717228464419477 0.16489361702127658 0.07432584269662922 0.05673758865248227
3 0.2913483146067416 0.21453900709219859 0.07052434456928838 0.031914893617021274
3 0.2651310861423221 0.2695035460992908 0.08550561797752808 0.0425531914893617
3 0.29509363295880153 0.44060283687943264 0.07052434456928838 0.03723404255319149
3 0.23142322097378276 0.4867021276595745 0.12297752808988764 0.0549645390070922
3 0.47857677902621726 0.5390070921985816 0.09292134831460673 0.04964539007092199
3 0.5347565543071161 0.42907801418439717 0.06294007490636704 0.0425531914893617
3 0.7201123595505619 0.49113475177304966 0.12653558052434455 0.04609929078014184
3 0.7294756554307117 0.6054964539007093 0.09282771535580524 0.03723404255319149
3 0.4242883895131086 0.6329787234042553 0.08919475655430711 0.03546099290780142
3 0.25389513108614237 0.7304964539007093 0.05556179775280899 0.03900709219858156