3 0.06334916864608077 0.10102040816326531 0.04743467933491686 0.08775510204081632
3 0.25096199524940616 0.12346938775510204 0.05448931116389549 0.07142857142857142
3 0.20524940617577198 0.21836734693877552 0.05568883610451306 0.07346938775510205
3 0.17497624703087888 0.27448979591836736 0.026021377672209026 0.05102040816326531
3 0.09185273159144894 0.35714285714285715 0.05454869358669834 0.10612244897959183
3 0.05741092636579573 0.45714285714285713 0.05693586698337292 0.07346938775510205
3 0.015261282660332541 0.5285714285714286 0.027268408551068886 0.05714285714285714
3 0.18566508313539193 0.6030612244897959 0.04026128266033254 0.07959183673469387
3 0.11679334916864609 0.5938775510204082 0.047410926365795726 0.06938775510204082
3 0.04435866983372922 0.5938775510204082 0.030819477434679336 0.04897959183673469
3 0.03842042755344418 0.6632653061224489 0.02844418052256532 0.036734693877551024
3 0.12748218527315916 0.6581632653061225 0.02840855106888361 0.05102040816326531
3 0.04970308788598575 0.7316326530612245 0.04862232779097387 0.05510204081632653
3 0.057422802850356294 0.789795918367347 0.035558194774346796 0.04081632653061224
3 0.05623515439429929 0.8551020408163266 0.02605700712589074 0.061224489795918366
3 0.26283847980997627 0.5724489795918367 0.033111638954869356 0.09591836734693877
3 0.23434679334916864 0.7306122448979592 0.045 0.07755102040816327
3 0.1981235154394299 0.6704081632653062 0.029572446555819476 0.04693877551020408
3 0.12510688836104514 0.7081632653061225 0.0260332541567696 0.053061224489795916
3 0.15478622327790975 0.810204081632653 0.0378978622327791 0.04897959183673469
3 0.22187648456057008 0.8581632653061224 0.05331353919239905 0.07142857142857142
3 0.11323040380047507 0.8336734693877551 0.04028503562945368 0.07959183673469387
3 0.09719714964370546 0.7214285714285714 0.015356294536817102 0.030612244897959183
3 0.10551068883610451 0.9 0.027232779097387173 0.04897959183673469
3 0.1482541567695962 0.9295918367346939 0.04858669833729216 0.05102040816326531
3 0.021199524940617578 0.8857142857142857 0.01776722090261283 0.04897959183673469
3 0.06394299287410926 0.9520408163265306 0.0533729216152019 0.07959183673469387
3 0.5994774346793349 0.2673469387755102 0.02467933491686461 0.05714285714285714
3 0.3809976247030879 0.42346938775510207 0.022387173396674585 0.0673469387755102
3 0.8387529691211402 0.2316326530612245 0.051900237529691216 0.07142857142857142
3 0.9563064133016628 0.29081632653061223 0.051864608076009504 0.05918367346938776
3 0.91770783847981 0.3846938775510204 0.07680522565320665 0.12857142857142856
3 0.8292517814726841 0.5122448979591837 0.04241092636579573 0.08163265306122448
3 0.70812351543943 0.6744897959183673 0.12557007125890737 0.10816326530612246
3 0.6119477434679335 0.6744897959183673 0.037731591448931116 0.08775510204081632
3 0.5905700712589074 0.7704081632653061 0.035368171021377674 0.15714285714285714
3 0.6357007125890736 0.7887755102040817 0.04484560570071259 0.08775510204081632
3 0.6594418052256532 0.8561224489795919 0.047220902612826604 0.05918367346938776
3 0.7425653206650832 0.8326530612244898 0.05431116389548693 0.10612244897959183
3 0.8280641330166271 0.8918367346938776 0.06377672209026129 0.09795918367346938
3 0.524085510688836 0.8428571428571429 0.030641330166270783 0.0653061224489796
3 0.5335748218527315 0.9081632653061225 0.02826603325415677 0.04081632653061224
3 0.5692042755344418 0.960204081632653 0.030629453681710214 0.05510204081632653
3 0.624418052256532 0.9591836734693877 0.06266033254156769 0.08163265306122448