3 0.25977941176470587 0.060749486652977414 0.15573529411764706 0.07015400410677618
3 0.10661764705882353 0.14288501026694045 0.10066176470588235 0.0598870636550308
3 0.06373161764705883 0.42436344969199175 0.07615808823529412 0.1403182751540041
3 0.2582536764705883 0.30202258726899384 0.11591911764705883 0.06331622176591375
3 0.18931985294117645 0.4106776180698152 0.09450367647058823 0.05475359342915811
3 0.33636029411764706 0.407258726899384 0.11895220588235293 0.08898357289527721
3 0.821875 0.24897330595482547 0.11571691176470589 0.0941170431211499
3 0.5875367647058823 0.3191273100616016 0.14336397058823527 0.0598870636550308
3 0.543125 0.40639630390143733 0.0974264705882353 0.06673511293634497
3 0.2628492647058824 0.6100308008213552 0.11284926470588236 0.05646817248459959
3 0.5584375 0.5980492813141683 0.08516544117647058 0.03593429158110883
3 0.5584375 0.669917864476386 0.16481617647058822 0.05646817248459959
3 0.44816176470588237 0.7862731006160165 0.10972426470588235 0.05304928131416838
3 0.5094301470588235 0.87782340862423 0.1403308823529412 0.03421971252566735
3 0.6733088235294117 0.37217659137577 0.039191176470588236 0.0598870636550308
3 0.6687132352941176 0.25924024640657084 0.048382352941176474 0.03593429158110883
3 0.6886397058823529 0.3157084188911704 0.039172794117647056 0.02908624229979466
3 0.8096139705882353 0.39869609856262833 0.07283088235294118 0.037648870636550306
3 0.7361029411764706 0.3542094455852156 0.06672794117647059 0.030800821355236138
3 0.6687132352941176 0.3593429158110883 0.04224264705882353 0.02395277207392197
3 0.7161948529411765 0.5107802874743327 0.06367647058823529 0.03593429158110883
3 0.5783455882352941 0.5099281314168378 0.11273897058823529 0.04448665297741273
3 0.8019669117647058 0.5253285420944559 0.06976102941176471 0.04106776180698152
3 0.7330514705882353 0.5509958932238193 0.06672794117647059 0.02738193018480493
3 0.7560110294117647 0.705 0.06977941176470588 0.037648870636550306
3 0.7943014705882353 0.6545174537987679 0.07283088235294118 0.04962012320328542
3 0.9015257352941176 0.5159137577002053 0.04216911764705883 0.03251540041067762
3 0.9352205882352941 0.5569815195071869 0.060533088235294116 0.02566735112936345
3 0.7636764705882353 0.45773100616016427 0.03608455882352941 0.02566735112936345
3 0.687095588235294 0.4235112936344969 0.04836397058823529 0.03251540041067762
3 0.9091727941176471 0.3764579055441479 0.08198529411764706 0.07528747433264887
3 0.7315073529411764 0.3302566735112937 0.03915441176470588 0.02738193018480493