9 0.8654766949152543 0.5814888888888889 0.161896186440678 0.5259333333333333
9 0.5495338983050847 0.45555555555555555 0.09497881355932203 0.26666666666666666
9 0.4921716101694915 0.7518444444444444 0.10029661016949153 0.2740666666666667
9 0.11179025423728814 0.37962222222222225 0.05635593220338983 0.19628888888888887
9 0.08442796610169492 0.6 0.08283898305084746 0.17777777777777778
9 0.08707627118644068 0.8666666666666667 0.045773305084745766 0.09628888888888888
9 0.1718114406779661 0.43148888888888887 0.049269067796610166 0.16666666666666666
9 0.8328389830508475 0.44073333333333337 0.05070974576271186 0.2518444444444444
9 0.8990360169491526 0.6259333333333333 0.07361228813559322 0.2074
9 0.8240148305084746 0.7370444444444445 0.09659957627118644 0.22962222222222223
9 0.49834745762711863 0.768511111111111 0.04557203389830509 0.12962222222222222
9 0.5407097457627119 0.4740666666666667 0.05261652542372881 0.1926
9 0.9652224576271186 0.5555555555555556 0.0329978813559322 0.11851111111111111
9 0.827542372881356 0.49073333333333335 0.043654661016949155 0.12962222222222222
9 0.8399046610169492 0.37037777777777775 0.033061440677966104 0.10371111111111112