7 0.20970505617977528 0.3847583643122677 0.061629213483146074 0.06319702602230483
7 0.18514044943820224 0.31226765799256506 0.06023876404494382 0.05947955390334572
7 0.2708005617977528 0.258364312267658 0.02931179775280899 0.05204460966542751
7 0.3648876404494382 0.24442379182156135 0.08824438202247191 0.15055762081784388
7 0.4526404494382022 0.12732342007434944 0.0727808988764045 0.07992565055762081
7 0.40279494382022474 0.02137546468401487 0.05172752808988764 0.04275092936802974
7 0.3578651685393259 0.10130111524163568 0.0601685393258427 0.06133828996282528
7 0.30168539325842697 0.1421933085501859 0.0714185393258427 0.06133828996282528
7 0.8219662921348315 0.24442379182156135 0.055786516853932586 0.046468401486988845
7 0.9146348314606741 0.046468401486988845 0.04452247191011236 0.07806691449814127
7 0.7264747191011236 0.27230483271375466 0.04459269662921348 0.03903345724907063
7 0.6394101123595506 0.2936802973977695 0.041811797752808987 0.05204460966542751
7 0.6667977528089888 0.42193308550185876 0.05164325842696629 0.03717472118959108
7 0.6106179775280899 0.6747211895910781 0.05727528089887641 0.12639405204460966
7 0.6562640449438202 0.474907063197026 0.05304775280898877 0.05762081784386617
7 0.43578651685393255 0.5297397769516728 0.10367977528089886 0.11895910780669144
7 0.4975842696629213 0.7973977695167286 0.0699438202247191 0.10780669144981413
7 0.5783286516853933 0.5631970260223048 0.03481741573033708 0.07434944237918216
7 0.6415168539325843 0.5641263940520446 0.06007022471910113 0.09479553903345725
7 0.8697050561797753 0.27973977695167285 0.022064606741573036 0.05762081784386617
7 0.32696629213483147 0.5046468401486989 0.06860955056179775 0.04275092936802974
7 0.9862219101123596 0.5808550185873605 0.027570224719101123 0.0687732342007435